function [skin]=skin_colormap
%Usage: [skin]=skin_colormap;  Colormap for the schematic head
%--------------------------------------------------------------------------- 
% Copyright (C) 2003  Douglas R Campbell
% This program is free software; you can redistribute it and/or
% modify it under the terms of the GNU General Public License
% as published by the Free Software Foundation; either version 2
% of the License, or (at your option) any later version.
% 
% This program is distributed in the hope that it will be useful,
% but WITHOUT ANY WARRANTY; without even the implied warranty of
% MERCHANTABILITY or FITNESS FOR A PARTICULAR PURPOSE.  See the
% GNU General Public License for more details.
% 
% You should have received a copy of the GNU General Public License
% along with this program in the MATLAB file roomsim_licence.m ; if not,
%  write to the Free Software Foundation, Inc., 59 Temple Place - Suite 330, Boston, MA  02111-1307, USA.
%-----------------------------------------------------------------------------
%Functions called: 
 
skin=[...
    0         0.5000    0.4000;...
    0.0159    0.5079    0.4000;...
    0.0317    0.5159    0.4000;...
    0.0476    0.5238    0.4000;...
    0.0635    0.5317    0.4000;...
    0.0794    0.5397    0.4000;...
    0.0952    0.5476    0.4000;...
    0.1111    0.5556    0.4000;...
    0.1270    0.5635    0.4000;...
    0.1429    0.5714    0.4000;...
    0.1587    0.5794    0.4000;...
    0.1746    0.5873    0.4000;...
    0.1905    0.5952    0.4000;...
    0.2063    0.6032    0.4000;...
    0.2222    0.6111    0.4000;...
    0.2381    0.6190    0.4000;...
    0.2540    0.6270    0.4000;...
    0.2698    0.6349    0.4000;...
    0.2857    0.6429    0.4000;...
    0.3016    0.6508    0.4000;...
    0.3175    0.6587    0.4000;...
    0.3333    0.6667    0.4000;...
    0.3492    0.6746    0.4000;...
    0.3651    0.6825    0.4000;...
    0.3810    0.6905    0.4000;...
    0.3968    0.6984    0.4000;...
    0.4127    0.7063    0.4000;...
    0.4286    0.7143    0.4000;...
    0.4444    0.7222    0.4000;...
    0.4603    0.7302    0.4000;...
    0.4762    0.7381    0.4000;...
    0.4921    0.7460    0.4000;...
    0.5079    0.7540    0.4000;...
    0.5238    0.7619    0.4000;...
    0.5397    0.7698    0.4000;...
    0.5556    0.7778    0.4000;...
    0.5714    0.7857    0.4000;...
    0.5873    0.7937    0.4000;...
    0.6032    0.8016    0.4000;...
    0.6190    0.8095    0.4000;...
    0.6349    0.8175    0.4000;...
    0.6508    0.8254    0.4000;...
    0.6667    0.8333    0.4000;...
    0.6825    0.8413    0.4000;...
    0.6984    0.8492    0.4000;...
    0.7143    0.8571    0.4000;...
    0.7302    0.8651    0.4000;...
    0.7460    0.8730    0.4000;...
    0.7619    0.8810    0.4000;...
    0.7778    0.8889    0.4000;...
    0.7937    0.8968    0.4000;...
    0.8095    0.9048    0.4000;...
    0.8254    0.9127    0.4000;...
    0.8413    0.9206    0.4000;...
    0.8571    0.9286    0.4000;...
    0.8730    0.9365    0.4000;...
    0.8889    0.9444    0.4000;...
    0.9048    0.9524    0.4000;...
    0.9206    0.9603    0.4000;...
    0.9365    0.9683    0.4000;...
    0.9524    0.9762    0.4000;...
    0.9683    0.9841    0.4000;...
    0.9841    0.9921    0.4000;...
    1.0000    1.0000    0.4000];
%---------------------------------------- End of skin_colormap.m -------------------------------------
